  0.4065223096710816      0.3241146517007351      0.5964977861865989    
  0.1613164155854838      0.1374812613731963      0.5456310124645457    
  0.9323450362202372      0.1628921916796535      0.7377291750882132    
  0.3146685130933610      0.9646316140429094      0.1930628977968289    
  0.9729351667820372      0.4928391057016551E-01  0.5473328084146599    
  0.2977161706650419      0.9585402332706593      0.7245257658600338    
  0.4955882683031326      0.1728636115935657      0.7841603920906938    
  0.6385742022947014      0.3612445345796259      0.3373949804158757    
  0.7744179233734103      0.2735839791940815      0.6301033116989465    
  0.1997803760756454      0.5446826664738078      0.8649323947172611    
  0.5536139482482025      0.2453683692718895      0.3887508376261880    
  0.8007985135739523      0.4597240704950877      0.8676370839012322    
  0.7276985860588511      0.6656424618321193      0.8396428268096829    
  0.9596029472604822      0.6622170630467319      0.5933276792930603    
  0.1350246894685636      0.6269860627607736      0.9443693167455834    
  0.4560167518137604      0.2584456298875770      0.4483276616263464    
  0.7818913416301463      0.9382899310558125      0.3266608369155762E-01
  0.3224933413924488      0.4420243308555135      0.3993001237097044    
  0.6224885676711113      0.5256339792909023      0.3014857841442918    
  0.4984759023240323      0.7604237773010092      0.4879918028249683E-01
  0.9673994931017676      0.7400443209706099E-01  0.6906327946341561    
  0.7775904959912773      0.1176911730856369      0.8049536996577628    
  0.6466162355845083      0.1626647582652841      0.9213733456198303    
  0.3750692094518032E-01  0.1414631030821828      0.8377995817117533    
  0.9797363170363277E-01  0.4836838095189382      0.8184761690020640    
  0.4149179503303194      0.9567190932650853      0.7713866292788230    
  0.5209609494562284      0.6711764012070890      0.2355795508269426    
  0.9345634962448360      0.8833097374394083      0.7498843332135862    
  0.4740441167759969      0.6267404596172105      0.4837952705428536E-01
  0.9668045448731630      0.1729198052356822      0.4260705441540290    
  0.5075457404025461      0.1257307897913241      0.5312397518819468    
  0.1460543793350121      0.4515503507541075      0.7248664657905232    
  0.5580003813400309      0.2695635647476135      0.8081371910143597    
  0.1798550910055662      0.4270221431632544E-01  0.3754270946056377    
  0.6941643365873598      0.1051670359522692      0.1394472469260395    
  0.5315725273225781      0.8632320992182833      0.6691192766871581    
  0.1456266678950755      0.8178967042612518      0.9541337328352172    
  0.3462878222460454      0.2927384472695752      0.4153756051794931    
  0.6015680889487951      0.6609514759630285      0.9455585744693447    
  0.3647930770166593      0.4691800655857583      0.5799285150488025    
  0.4658189234103777      0.3588864110766293      0.2883322399506918    
  0.3664908270605841      0.9593561912886894      0.6218135837982388    
  0.5471990536723003      0.8431293339408243      0.5534014844516533    
  0.3829180235568229      0.4365252888956451E-01  0.3640062406956477    
  0.1283445190171688      0.6282676423467680      0.6119813321208254    
  0.2222773875674953      0.8541971004707697      0.3473466979855809    
  0.1900229364086265      0.9569896207864070      0.3884391895821281    
  0.9454395940837835      0.2097835582980915      0.5463197210437170    
  0.5427499679461791      0.5619133810753089E-01  0.4314115229476148E-01
  0.3807904735168112      0.9031045082424347      0.3713048259300564    
  0.8803795807299661      0.3964002405699316E-01  0.8382287410051508    
  0.8454822857729353      0.3135480999921357      0.2499513163697081    
  0.4468285138359543      0.1050075769418042      0.2247584665590803    
  0.2664833548674989      0.3441334855708052E-01  0.3459412512768227    
  0.7874680345910885      0.1312542987902136      0.4455694912899136    
  0.4216439227563352      0.3313014260459694      0.6677211947342389    
  0.3120486614787606      0.2920660571933605      0.5515259061930778    
  0.6287118540742795E-01  0.3877823682194075      0.6484206831179693    
  0.1423045060942125      0.6333730484393961      0.4919539600731367    
  0.4332305609144718      0.1825638270282684      0.4902672203078440    
  0.6885597975678062      0.7773228983033806      0.1329548497044147    
  0.3487995666299515      0.3231733403399705      0.2996506618120658    
  0.5115162972199755      0.7419386357845876      0.5882530246242818    
  0.9497916795160568      0.3632923497505878      0.4675379972129618    
  0.2996810771459456      0.3911923170213532      0.5745667068605457    
  0.3059201402152620      0.2021678834593844      0.5749612164978753E-01
  0.7240993390882736      0.2621992860914629      0.3743598381569599    
  0.7010131217335254      0.9391886709110467      0.9573213149812964    
  0.3247567946758000      0.7526113708514587      0.1401071038820770    
  0.1198478287515036      0.4912283739327518      0.3713681460257102    
  0.6235098475481746      0.9633220059710145      0.4772985019116097    
  0.6312984871251762      0.4162942943621039      0.2783306447850028    
  0.2726207806492520      0.7334056473981331      0.7111617842011841    
  0.2513270868387187      0.7742966424999747      0.6007321933144965    
  0.4214096166441476      0.9588611301363487      0.4094783376976593E-01
  0.1574224392738175      0.5131183575364070      0.4593638187054698    
  0.6030303213730979      0.7777140024654698      0.7126975166501320    
  0.8756930621906465      0.9708277133717464      0.4806800206145828E-01
  0.6122656704758965      0.8718674682999101      0.7770299680877973    
  0.5736128645548195      0.3941480190867165      0.4452179645262226    
  0.9598746923916839      0.5387715919609923      0.3821410114912864    
  0.5288676484258278      0.6669585188800367      0.5212732498005859    
  0.2328876962805540      0.8446304431296532      0.8035257558231850    
  0.3159118587943216      0.5425731846605155      0.2450660260173524    
  0.2263251435385843      0.5743178475431221      0.9647253791037858    
  0.3548468226946363      0.4344440627558157      0.4771425049529350    
  0.6923235312470661      0.7145505952192320      0.4048723423600385E-01
  0.1532034855926293      0.7119455659980338      0.8151456808473577    
  0.9623699220665879      0.1391426056208450      0.1465226055845819    
  0.8255776125509153      0.6427918923722118      0.7383098917519347    
  0.1092315004089497      0.4502479066689467E-01  0.2243269238557592    
  0.5920534338215996      0.8814940569269915      0.3832385811032882    
  0.1671058730048785      0.4049287068524732      0.4303528541151576    
  0.2915529046071849      0.6399459316543482      0.1797243972743332    
  0.1280131897723152      0.8279996299564328      0.7719466826406981    
  0.6775543423621836      0.4591818141378514      0.4284678151095236    
  0.9315592141076420      0.4217781816129780E-01  0.4930143512093265E-01
  0.6757125370258601E-01  0.7838087988840441      0.8407354259253286    
  0.3362892669918898      0.7167785640117224      0.3782861623870942    
  0.9464225847851651      0.7018989756833526      0.4728014782477838    
  0.1506432847498223      0.9143843650586129      0.9432244785597991    
  0.1590636960541057      0.8740321163022515      0.5843964490745513    
  0.9601136528651508      0.3130739531613483      0.5520146804887546    
  0.6101289358707460E-01  0.7933322601379023      0.5552822669605316E-01
  0.5637084665903734      0.2144095257495635      0.5759989974221278    
  0.9339237690088728      0.3323747829613264      0.1319439761375698    
  0.2359457713964835      0.8933365064959355      0.5508176922719114    
  0.2999042150255056      0.6051282618253756      0.3791476625932965    
  0.3836769952187999      0.5071817958175835      0.4222333791861482    
  0.9453784560238319      0.8567675206797676      0.6600065583530929    
  0.4334461979325674      0.7772552188173670      0.4142712417886582    
  0.4775041846088529      0.5943428676377555      0.6951592644968700    
  0.5118422475643951      0.6961734884732973      0.4006863953654463    
  0.8158393098441633      0.4558512430276365      0.7379089855855270    
  0.3519215384919679      0.2644876406664209      0.6964796646916851    
  0.4591832632995447      0.2648813029372876      0.7469261884814680    
  0.1423273935129319      0.5435541959741838      0.1443267534057973    
  0.8550471937684471      0.7802095364073126      0.2616414119079434    
  0.2878591359702541      0.7117837679613811      0.8260955951513071    
  0.1526925313525948      0.2331961728229842      0.2043514134170859    
  0.4017037585092683      0.5764756954684821      0.6906397031690191    
  0.1182401190908811      0.7918048224141394      0.6802728371003809    
  0.6017019640304122      0.1688226232906590      0.5070689343812708    
  0.9504550613828808      0.8579666218494466      0.5010728754683378    
  0.5399498410608746E-01  0.4864076224769270      0.2496881830568729    
  0.8572993387715022      0.9312738228587034      0.9595069605847332    
  0.1548637198287574      0.4258789873732681      0.5115529966981419    
  0.8451140206433722      0.2182215261175169      0.1670054538585830    
  0.9596600026878946      0.7564603139686250      0.5865462898152477    
  0.9472770450205652      0.4419735655631712      0.2682540496781323    
  0.4716644565790962E-01  0.6815933429879117      0.1893188939798327    
  0.2524458571249566      0.4763833963271660      0.3139004335588837E-01
  0.3706098973390172E-01  0.9460519530534334      0.7605874825677336    
  0.2972257806256012      0.4715886082171118      0.1941089622374388    
  0.2236497740988754      0.4650411151663414      0.2203194377404016    
  0.2780755557064415E-01  0.9625862198779244      0.4760660571311784E-01
  0.2535025969830609      0.7753820120418216      0.8750190799151695    
  0.4443571527738084      0.5704469936178268      0.9243560705879267    
  0.4244122798742681      0.7025505915257272      0.2812159991558627    
  0.3585079277666722      0.6790399262273793      0.8724409647860621    
  0.7727486336612849      0.8960202788129956      0.7116231657376372    
  0.4108159543679862      0.4108220810951840      0.3534237523952916    
  0.2791197896695085      0.1344647266059726      0.8590506998883297    
  0.6838989184023924      0.2110463636188799      0.4593942121641353    
  0.4053248747707556      0.2289931899083216      0.9535911490916215    
  0.9752672011484721E-01  0.2293662404011584      0.4346677611721195    
  0.3949562755289222      0.6817786848317079      0.4777950166526597    
  0.1489591570120033      0.8224876216037948      0.8552701947689821    
  0.6864824570147557      0.4046762941929506      0.5238338186549943    
  0.7458813631340485      0.2034343851425438      0.7611482434509714    
  0.2610719224833822      0.4295320585115192      0.8888810392961746    
  0.5492896733766773      0.4046012137659942      0.9651251804212990    
  0.3682814371280811      0.7570000550640438      0.6771868502480919    
  0.4778763282877995      0.3975245922975820      0.4913829192082170    
  0.4887000014014531      0.7631320066982521      0.5005512595258306    
  0.4931587568880320      0.9177453885594058      0.7736348961951161    
  0.5932660013141614E-01  0.2780264682092233E-01  0.3105126880470832    
  0.4183214528824766E-01  0.6123601509516448      0.3022828572684747    
  0.7326129723445717      0.2715177760873023      0.9569024688126125    
  0.9484804350058541      0.4201122863594282E-01  0.9521744857158986    
  0.8411175493641588      0.5589649759896217      0.9474527989235012    
  0.8275994796859293      0.8442969748024644      0.7812219594739180    
  0.6189631083731769E-01  0.5807244724288357      0.4861577786269730    
  0.9438742251082086      0.3755094222762697      0.5408689450050919E-01
  0.1869844692064224      0.6001227986151609      0.3925824413318256    
  0.3080406277643082      0.2077306202843385      0.7772258633898762    
  0.8233984628077945      0.4827353106027857      0.2115507768751340    
  0.7526275785300083      0.8059648568387362      0.7194021263879750    
  0.7214750977272468      0.6919974682594485      0.9537552350197953    
  0.6290288820556345      0.6599576554317264      0.5164685341480847    
  0.2166271211792277      0.1934897798245336      0.1128755181613489    
  0.4531856804017995      0.8760611834957988      0.8742859139875226    
  0.2418863976082315      0.7677467096404184      0.4108825004713401    
  0.4631670045936454      0.6852655025229815E-01  0.3623199597847785    
  0.2134743013657096      0.2714204741415120      0.5286689909016396E-01
  0.3736250058701317      0.4233933230899513      0.4575406902726332E-01
  0.3787533796211452E-01  0.4180793961394413      0.1995578185206442    
  0.1341770855603874      0.7436497120070301      0.4832042065655428    
  0.9524096631465974      0.9237246657063465      0.3518007182579357    
  0.6711598763575101      0.1541617769687766      0.5797534239244548E-01
  0.1507332873102503      0.8093445655086525      0.2021731564079768    
  0.7367607455779471      0.1552900858612148      0.9388007097168926    
  0.5784915367167415      0.4751121894721377      0.2817186184943333    
  0.5938700994937539E-01  0.2509678008452737      0.2462720345452575    
  0.8735145687639752      0.7812946882797692      0.1033870639249595    
  0.6352802336464798      0.2903912426879884      0.3974159267652256    
  0.8831322659347127      0.4774048641218843      0.5302007251487439    
  0.6680861369283850      0.8277999933427844      0.9587301584155516    
  0.8621992825559384      0.8973267858873302      0.3759357445984041    
  0.2536954784712189E-01  0.6847403254888670      0.8514901022025210    
  0.8629587498939041      0.1796812827728730      0.9698264308316468    
  0.2720256866698646      0.5103564301855030      0.3886785201650292    
  0.4806863060380105      0.4646275671216921      0.4040286003809714    
  0.8127508501095912      0.2980621499119098      0.7320161328111507    
  0.2286096376653662      0.6807049655172108      0.2506070304359935    
  0.9482197691854914      0.4006484935381493E-01  0.3271624796314463    
  0.2621978519010026      0.3697242273459246      0.4718361590457016E-01
  0.7711227623860241      0.2261303086374070      0.8610966883232501    
  0.4838404956243856E-01  0.4411692583971243      0.8800939199752357    
  0.7163884522427753      0.5845767444370416      0.3343165316534615    
  0.9491823549130667      0.8506975577622126      0.3254062870114373    
  0.8635880297704328      0.7327381139637804      0.5609434475893997    
  0.5741230496820990      0.8498610269933523      0.1015503930046249    
  0.7461161417143117      0.2225121643113093      0.2535080925756000    
  0.1631179525147158      0.1669271410228343      0.2610583732859046    
  0.4280769400457866E-01  0.5217923380965047      0.1477678003433070    
  0.8175606128185459      0.6624064628886916      0.5738924886208036    
  0.2734200537271781      0.8842820577795795      0.4705591181369710    
  0.3967710412350099      0.1710956214953547      0.1167467007277474    
  0.8369060761387251      0.6151659492693778      0.8309958827781413    
  0.8620174850671509      0.8084059237803569      0.9620570774636423    
  0.4057428317152571      0.8745392300981809      0.1298288004041341    
  0.8203103085558241      0.9522969594183728      0.5444870640453088    
  0.1532673130837019      0.4310793471289807E-01  0.7666286794485014    
  0.3491995442166166      0.4802621796125843      0.3090047011926464    
  0.6689357257771078      0.9356927706406578      0.2900993858517557    
  0.2785530569087877E-01  0.9533018385770879      0.3056833639292537    
  0.5470302318353275      0.9268681346786660      0.1541288482689496    
  0.4656852070159359      0.2003097154555799      0.1893737708437785    
  0.2562306165584895      0.5854129315256881      0.2959888498158996    
  0.4518912986998019      0.4735962981590398      0.6812605364153040    
  0.7817163864072002      0.6543571074495065E-01  0.3703720100217858    
  0.6973098497648724      0.4037648912299477      0.6256151146556982    
  0.1001828004043664      0.3279393966779736      0.2107915561753277    
  0.2403148337704975      0.4751481354942526      0.6026050351082942    
  0.6046602212951155E-01  0.1624633982473141      0.5059260241813589E-01
  0.4221423479676482      0.1458461805550545      0.5848550338185168    
  0.7541873169572950      0.4160045495258924      0.9471629278286638E-01
  0.3847222070458204      0.6393992365492529      0.9669712596274597    
  0.2102827193903229      0.9487624467206316      0.7153258295611176    
  0.1967530339456848      0.9322463497555792      0.5036183866947096    
  0.6713800721322001      0.4919460308228500      0.6409055736944238    
  0.1440066274848241      0.2388719791792890      0.6736974403613725    
  0.4203585117229265      0.4593215083935905      0.2038139853748543    
  0.9641926253117660      0.1312279092137499      0.5187240306773335    
  0.4198088497361024      0.7405074397446133      0.9443783203019219    
  0.8324457505941443      0.6570840226452364      0.2752606925950215E-01
  0.9661512771144157      0.9742906027102558      0.8198338616739634    
  0.5333400607194714      0.2932311074737879      0.6193275012978766    
  0.5350887649533755      0.4700098121111986      0.8857093947911128    
  0.7105044883009348      0.6402012025163668      0.1352684226648821    
  0.3658676110690095      0.8904512279331662      0.5104888560476762    
  0.3998940670521231E-01  0.2264420664048769      0.8557171108939378    
  0.2621705801129140      0.4744727941963374      0.9569836248297104    
  0.5749830177055193      0.1044631825998475      0.8645360029392926    
  0.5096326848742215      0.7233158874554176      0.8889872727565967    
  0.7590496161136255      0.8438031100099674      0.1472840306230934    
  0.2817773512411947      0.6260406922060958      0.8718750632265492    
  0.6257170794981459      0.7647087498906718      0.8854766210001558    
  0.8038640207524064      0.4979400711736672E-01  0.8319414056508970    
  0.7895587693397214      0.3228931659164442      0.3180249065193644    
  0.9403700422861455      0.9493434003718945      0.5511343116085140    
  0.9421046956068397      0.9693174733630737E-01  0.4315746403088901    
  0.5095989089545576      0.8059062122478033      0.1550401725941477    
  0.6982436173271257      0.3042285454775503      0.6757528442128138    
  0.4818768346415116      0.6314637457963926E-01  0.8071140636839476    
  0.3548822477637701      0.9616831915563129      0.4524921549717622    
  0.2947528510131788      0.2926474250118928      0.8711594720126273    
  0.5912350948340607      0.7010654811122752      0.6438361786521443    
  0.3386566183925899      0.5652585599072840      0.9317215568677467    
  0.5847509090874395      0.3661327826669200E-01  0.5280703473194467    
  0.6945030175450341      0.4895584383398881E-01  0.5507088173210547    
  0.8953857810468364      0.2824994436992282      0.5278499410107648    
  0.1252736415609726      0.1491838278784192      0.8386938355555177    
  0.1877040856285601      0.7262984475407721      0.9452166392781769    
  0.8555709014613999      0.5428824100987215      0.8486218889129360    
  0.7615990697856282      0.5291389190889814E-01  0.6311706382525448    
  0.7848900331780058      0.5317889072310945      0.3255303097764312    
  0.6610590274535072E-01  0.5898625956008910      0.3950814960161989E-01
  0.8728888345208661      0.1346301216135771      0.1526318886390639    
  0.1317934411554161      0.2656364975006041      0.8829079450368261    
  0.6470319450074892      0.3762255447105862      0.9683999144220810    
  0.2319008148869721      0.4019299019891155      0.6492751637583689    
  0.1341097450367011      0.4512586587899238E-01  0.1175589121461680    
  0.4796147478247548      0.5179208458147907      0.2568843553171294E-01
  0.4475538449316021      0.4944310175988125      0.8880113709892229E-01
  0.4138291680272935      0.5592624846220590E-01  0.1235622005328265    
  0.5346171498230474      0.5761486616764727      0.8515514469937392E-01
  0.5430317994408324      0.4971601368432645      0.1371747769133945    
  0.5647506319757661      0.1830605413527859      0.1789644487249835    
  0.4121662894191323E-01  0.6580792036069478      0.7353908866396307    
  0.8787381954968088      0.2786225271603539      0.4242674077491158    
  0.4460283392532549      0.4996772148169710      0.2992495817979064    
  0.3848792865403378      0.3083840384051444      0.8160910001329490    
  0.8853062924230565      0.2222109573561591      0.6270026261331423    
  0.9512585582676060      0.3745368650080250      0.9434168299440866    
  0.4399996035094952      0.9434864891329013      0.2412309033486622    
  0.4990147400360629      0.2767267097615000      0.5384619265016262    
  0.5479666995117758      0.2876666647342611E-01  0.3696814863724774    
  0.1422285958258004      0.6245073020801386      0.3386720008256411    
  0.6304222961708188      0.4681302327076508      0.9705716101339547    
  0.6486631174792254      0.3115564117135763      0.1972926925966858    
  0.5460315981591024      0.4043256740953534      0.7886579493443228    
  0.6126996740479677      0.6502753823351248E-01  0.1940677514492596    
  0.8087853446324227      0.3265371336297923      0.4748887274737556    
  0.7169498027314347      0.3652407409090723      0.4293109217562294    
  0.7452451750893642      0.5044665968467126E-01  0.4842750272236600E-01
  0.2349028637498995      0.7442323932537181      0.5175697785121961    
  0.3778175984948544      0.3941118455127189      0.1859967088246077    
  0.2530306522965579      0.4402538572479126      0.1128960062850846    
  0.5217455226925188      0.7861602611803284      0.2837171096129367    
  0.1773416018474041      0.2539451612770836      0.5656040121884390    
  0.6303230561804022      0.5994565735139024      0.5939326027671671    
  0.5325141232366976E-01  0.5693248864490427      0.4098008595420708    
  0.3148279746885556      0.2173260192530451      0.4246547931552551    
  0.4043375950136354      0.4882225713873114E-01  0.5012685390880811    
  0.5164823156291644      0.5668094236752030      0.3277063881327278    
  0.1495052954087243      0.1780030578503026      0.9429554255850359    
  0.8414839754459617      0.6661515099461616      0.9592791639163654    
  0.4753243028601065      0.4923748398784434      0.7729669206981403    
  0.7582847702618741      0.4738977293249659      0.2294523056020538E-01
  0.4401880967934835      0.3651964408253442      0.9355795096736131    
  0.5142383487997738      0.1014043823551062      0.4439371279324448    
  0.3473931451300235      0.9533753887831244      0.3025020438350913    
  0.1546503924462598      0.7387002283972398      0.5820079936179998    
  0.6949889798216191      0.7021163778210139      0.6772649108518823    
  0.8819954125986857      0.3917481690793269      0.8587565824662515    
  0.8743509967431409      0.1030761780546964      0.8844274531136529    
  0.8734451964074665      0.1887730180295200      0.3900179613909258    
  0.4791848892362461      0.1460795357360275      0.6954897595422735E-01
  0.5963939699265449      0.2018019622302897      0.4545072234017079E-01
  0.3473675060523645      0.7131920924661342      0.5673224019928694    
  0.6420164805659473E-01  0.5174149444759167      0.7143927270847878    
  0.2281028096529817      0.2758616491809711      0.2637237284127436    
  0.2912132260055775      0.7518618963282649      0.4520463763553357    
  0.9469687460276804      0.6122895674189816      0.4921599389283098E-01
  0.4227278443145196      0.7616022058880570      0.8382306605613673    
  0.6066488389203157      0.3359274454876455      0.5803511523393189    
  0.4560665542435402      0.4003283993745472      0.7297935001042574    
  0.9477393633916428      0.8750253730148331      0.8389847463180375    
  0.5110757735825150      0.4390974729337744E-01  0.2771278252407715    
  0.7529269776997293      0.9616693971974691      0.8917906678026885    
  0.3221781550107696      0.1336126026625197      0.2018132546925772    
  0.9502262661298759      0.2509184515093764      0.3067365514950404    
  0.6221111982130632      0.1288912848078185      0.6062093066758824    
  0.9698665295256933      0.4458147668076213      0.4989669830384558    
  0.5936132242182720      0.6040249092064741      0.8748447563426845    
  0.1416873200702835      0.3611219920484709      0.8258141305579701    
  0.6886533424048509      0.6118126997872501      0.4898010490855643    
  0.4509776308856499E-01  0.5372339301760493E-01  0.5610675621259448E-01
  0.3684428176997802      0.4752069905474087      0.8866736812506254    
  0.8301298122498668      0.9545287448546221      0.4168619964039878    
  0.2533565678708549      0.9773813238829349      0.6034051325054247    
  0.1472427890769394      0.6491561780841908      0.9268440568824941E-01
  0.1392309358876276      0.9620915210947607      0.6955017397655985E-01
  0.4500172378074572E-01  0.2799482364106651      0.5471612875958528    
  0.3714853375424347E-01  0.9500093336003491      0.5424037522814708    
  0.1347302500327280      0.4510859943038036      0.6112929944279992    
  0.6273669913759262      0.4528469748120366      0.8189436897695223    
  0.6962063217335537      0.8499949523297808      0.3853580409389051    
  0.6123688774953434      0.5756754220316040      0.3666433843114020    
  0.5759034261937505E-01  0.5090067007528810E-01  0.4024069167468547    
  0.3505727449503675      0.6310765154097994      0.7724882177965275    
  0.7320446825046643      0.3674503719270171      0.9775579157131163    
  0.8515160129609585      0.5066034746080551E-01  0.9365746581457146    
  0.1397963425962650      0.5732504599151719      0.7167043819196911    
  0.7910659766325431E-01  0.7349748523536810      0.1346392504555091    
  0.5441739063750533      0.6487681619989504      0.7490978758777147    
  0.2261263684315568      0.5880968011873310      0.4730199340599885    
  0.6512266699759650      0.1064192191710251      0.4995006245019308    
  0.9363753961557902      0.3176945110915744      0.2417096537231134    
  0.6174407883942163      0.3661014201764964E-01  0.2998340603476319    
  0.3565332031573732      0.7181465045716052      0.2273477424587121    
  0.6556359897557337      0.4368580866267168E-01  0.6662437176712553    
  0.2203266972862777      0.5777833698935624      0.7964065102152020    
  0.9363623712894492      0.7737288715638445      0.7838176178581573    
  0.9387606646830686      0.7221866118037747      0.9540462720160324    
  0.5067195450206161E-01  0.8500657506552139      0.5987461225726260    
  0.9106841741111220      0.7144731105406054      0.3724193982556262E-01
  0.7367466386682292      0.1138628470336913      0.5306211039629544    
  0.8290049572883303      0.8290094431053957      0.5331563078531134    
  0.8417128616589021      0.5759262206199723      0.2562272125107028    
  0.3737847410969596      0.3547494092804078      0.4929289460965757    
  0.8651298006615570      0.6373724229802100      0.3541761439688675    
  0.8490180240126103      0.2908765717579736      0.6015685143364249    
  0.4641326201259006E-01  0.7049071839380362      0.3749339466133671E-01
  0.9470636910250232      0.6503335316572832      0.1853503948694519    
  0.2845510031336248      0.3586932675086032      0.2630839437546598    
  0.9203447993216521      0.3263165842586880      0.3331437276289306    
  0.3399694512051754      0.1740208893203072      0.5124924817491255    
  0.6054553867404310E-01  0.4903462608147109      0.4881306446206623E-01
  0.8014827421592771      0.5518566312786588E-01  0.5341077360174263    
  0.1698712917088646      0.5373896956188334      0.2902924567291086    
  0.4567990386696412      0.6360292185981087      0.1584226841634697    
  0.4683173578257990E-01  0.7472390268887000E-01  0.1691649145945618    
  0.7833529630361191      0.9586233813372977      0.3247527968000399    
  0.8691607710176762      0.6117509409297731      0.5271675429943820    
  0.3332192006586923      0.7771048779919937      0.2795060662328961    
  0.4759993126733823E-01  0.5623792827880419      0.5609800141018942    
  0.3292163159043189E-01  0.7489167856581659      0.3448352995896694    
  0.8745709748925682      0.1599666925068355      0.8081569942948622    
  0.1305653726371101      0.2446888135921461      0.1025763131838916    
  0.5622957475200381      0.9487967056991213      0.6637559247233079    
  0.6183596632394863      0.6864657664336470      0.3929632119214345    
  0.6244257214320265      0.1203725731963401      0.3914640950702113    
  0.1806196270194614      0.7639498429703181      0.4712822412062972E-01
  0.7530892270322026      0.4706818481166793E-01  0.2773462777701009    
  0.5974237115901272      0.7939058687100463      0.2982699254468094E-01
  0.9341955648445595      0.5007017944614960E-01  0.1484442968192114    
  0.3114893990720441      0.9368117154921519E-01  0.4163457817859450    
  0.6868993135816789      0.1394280435796332      0.2777117797379291    
  0.5556318917437911      0.3977084541256256      0.1150440678919561    
  0.3889446227964782      0.3805628257695402E-01  0.8399161419117879    
  0.8658014325409681      0.2100365664994268      0.2580078793829994    
  0.9558807124775154      0.2575644316641053      0.9368320386457778    
  0.8531039064946553      0.5986943301413813E-01  0.5582136248969465E-01
  0.2582400757966494      0.7995634607666527      0.2110481867921010    
  0.4919298151773910      0.7913406228472095      0.7362799186173941    
  0.2010863192684088      0.9505990870142362      0.7992377933584148    
  0.8587352659867553      0.4603023154842711E-01  0.6316778753047121    
  0.8114712128162570      0.8779758927578764      0.9032225867306837    
  0.6182136170231964      0.6860140252678876      0.7483586955009304    
  0.1921044568279953      0.8334953970870467      0.1175955091811877    
  0.1303173678319610      0.4111478142917429E-01  0.6461175840167096    
  0.1105023063585794      0.7561002618608139      0.2915529773268296    
  0.4920827205551302      0.3507687684297257E-01  0.4909119960186464    
  0.7687580868415680      0.7874184435234091      0.8053798220763134    
  0.8295035670747231      0.8520096833912584      0.6695126568653917    
  0.5265168186828743      0.6849248002011589      0.8445245169066581    
  0.3365273134851925      0.4182336820431411E-01  0.1441056941916606    
  0.6337437487713703      0.2004259801544040      0.3176047558868083    
  0.2035839731829252      0.4710582285482660      0.7881570347264510    
  0.4310038907094004      0.9602470438030987      0.4802009293002682    
  0.7774226958319328      0.8334257478246094      0.3301641713953768    
  0.9218739648100993      0.1517616976568038      0.6107260186008876    
  0.4136324312056789      0.2797488010058890      0.1295244166150811    
  0.8636128757335240      0.1348802924352900      0.4896434723544568    
  0.2955864949534288      0.5747579596712432      0.6784653157532605    
  0.8784681694474918      0.2380725406730139      0.7437389816094109    
  0.4687530195175679      0.8152006590253735      0.9526843671818543    
  0.9492121787529124      0.8236336860374627      0.9422509522938229    
  0.4265237860242508      0.4097455845890412E-01  0.9479799629003883    
  0.8187391270084807      0.2259686642261954      0.3348562502029688    
  0.2137557500360326      0.5914792894758039      0.2036261581353752    
  0.9543503610875986      0.2328992629527127      0.1977372748762305    
  0.1309922206491874      0.6205876550322355      0.1639452612846702    
  0.2509524060749728      0.1461590479493452      0.2631633133757177    
  0.9539457545246843      0.1885243982879152      0.8444910126004354    
  0.4160104818555412      0.9501542566316341      0.8837357817363256    
  0.8463381522597481      0.7911117944230726      0.6673023005475991    
  0.3456109787187225      0.9756346730873917      0.5305950521089741    
  0.7369226662573510      0.4219979860728476      0.3479454701470360    
  0.1757142731365481      0.7011100280160523      0.4083388022169035    
  0.1589705162482205      0.7306408135691717      0.6626964444065551    
  0.7800255496692667      0.7285318074068946      0.6656046390664424    
  0.2124468604986208      0.2305461781338820      0.8359008140279716    
  0.5354838207929937      0.4106099996618557      0.2668268118999939    
  0.5459940265286715      0.9658431710743232      0.7349352151797810E-01
  0.8564076615436415      0.5622906477421424      0.4204673046808882    
  0.6967764411286420      0.2654929158733565      0.5407771991803935    
  0.9627037905001642      0.5970948711573547      0.7233169836581269    
  0.6815748079520488E-01  0.4601234647710544      0.4619430049013588    
  0.4613269068335570      0.5951038579558119      0.5167723350206697    
  0.6551327422072887      0.2566539223389442      0.6283943989243443    
  0.9661453441369856      0.4386227252339300      0.5891272136889195    
  0.4382576803231080      0.8035465994959587      0.5809119266957662    
  0.1432611752063994      0.1255565707548375      0.4375770784316730    
  0.4303114090704044      0.1489046606780519      0.4126946375631446    
  0.1630102719456537      0.3757751217628450E-01  0.2982365308734301E-01
  0.6650421834207948      0.9579412473084198      0.7396525488007508    
  0.5255233399256007      0.3939894897441436E-01  0.7235797278298346    
  0.2247773128778807      0.8106377177886678      0.6823464258298311    
  0.8747466787886731      0.6018528498833305E-01  0.5332617963286651    
  0.7616530931228123      0.8799890346658013      0.5895263823617387    
  0.7099931194192703      0.9490298069133929      0.3803298225490628    
  0.8195953384786388E-01  0.4183055288808135E-01  0.9552587965554175    
  0.3893770285172391E-01  0.2127864710049796      0.4550064072486556    
  0.1219357979552155      0.9392519507037419      0.2311419691638106    
  0.4825401411334932E-01  0.6983956310027717      0.3076186321743464    
  0.7518813339277272      0.1200113035461115      0.2212945782906302    
  0.8508608689607844      0.4649375909760463E-01  0.3541160345114623    
  0.5187832844741985      0.9473685037430997      0.4169243435656354    
  0.2631957047325932      0.6653136971490720      0.4751497181415213    
  0.4264640313736111E-01  0.7742223056547878      0.1928898889513739    
  0.7706674288894131      0.9584859148155962      0.7829185307483486    
  0.3591712060088139      0.4770295029576622      0.9605023977097021    
  0.4092124299960066      0.1829392177476321      0.3027824428143964    
  0.9682397671161034      0.2752581284039544      0.8013513294396397    
  0.8047615160657697      0.1546856678147003      0.8961563860103079    
  0.4993149104381682      0.4969695680763495E-01  0.1597926277844872    
  0.4279434258437328      0.2701651430560991E-01  0.7422112540691052    
  0.5263122529765234      0.9720348345711215      0.8589743229521978    
  0.9434267532407944E-01  0.8394878201685938      0.1558533449562107    
  0.2214596879613316      0.9413190950153799      0.9621546028112044    
  0.5289894365671396      0.2440600777748052      0.1356838041390949    
  0.4373101731738380E-01  0.4169593976039468      0.3688449487862822    
  0.2385873384725451      0.3739096143865389      0.7720791647164765    
  0.3980613484196812E-01  0.8291674164065235      0.7149504584181539    
  0.1333521171578841      0.1271273716938015      0.6368451638975117    
  0.4191867720293860E-01  0.3487317883118622      0.9726535600007128    
  0.4134299296133082E-01  0.5987834153176183      0.8807266713245296    
  0.9608655117829105      0.6192566495694934      0.4289792926080677    
  0.5164268817134390      0.5761514861305688      0.4236464705295410    
  0.4341763608486143      0.3520651597269736      0.7889300049550445    
  0.8817197397505394      0.4137950483076786      0.6310260470384068    
  0.2816743844136853      0.5217744006760012      0.7569005189787547    
  0.3116060289159444      0.2250590441783107      0.6246268720969572    
  0.9615026007771637      0.1542017500898087      0.9630999485667265    
  0.7705110215779502      0.7748109918434644      0.2391835090356685    
  0.1420397446757521      0.4250146261861416      0.2681532269642033    
  0.9340130249890285      0.3620148463037298      0.6400183306169469    
  0.1212978411625459      0.8708700106481601      0.4917991016339134E-01
  0.1834770084648689      0.6129744038802424E-01  0.2739562377459887    
  0.1820465086598648      0.3517107454222054      0.2255925584878311    
  0.5146967773564329      0.5793039037971268      0.7967397647574477    
  0.6018858741070026      0.4194279260915512      0.5133782962053678    
  0.8385601332747212      0.1535709526554318      0.5883779279146358    
  0.5563575114896919      0.4969384193595009      0.8004250112922182    
  0.2739834052026962      0.5017271153453992      0.5131956743851270    
  0.3218510882739027      0.5465804271621658E-01  0.7188814168650599    
  0.9238228189617226      0.4695815118469387      0.9323976501258437    
  0.6068454419542577      0.8918836377352850      0.4260439564459314E-01
  0.7346470952268970      0.2737807587497246      0.4505157661272585E-01
  0.2896304725232993      0.6742656152448386      0.3407408952714858    
  0.8069823073450793      0.8609016113048632      0.4519502026594570    
  0.2634497039202286      0.9492451811888197      0.8806136327885966    
  0.5501413653019724      0.2902848120714968      0.4514941885848198    
  0.5329684401352293      0.1522412822590062      0.9638042227413350    
  0.2176481135285170      0.2590479614174871E-01  0.1632565398510570    
  0.6897312966538621      0.7680007584307663      0.8197207696833313    
  0.1574760655995747      0.3023070045927356      0.7593239840978465    
  0.7956507411215481      0.3502457948522498      0.6450316510522968    
  0.1847101432784094      0.6501038778090140      0.2751388413177593E-01
  0.8899808809580249      0.6810070439552870      0.6552042778962111    
  0.4135484647342452      0.7925430752655938      0.7892368010182418E-01
  0.3623308104646548E-01  0.1721897692192968      0.6172853178674892    
  0.5077904479049479      0.8744981342984707      0.6077363513269385E-01
  0.6719879449173253      0.1653434127566271      0.7129040920144640    
  0.2924818775644379      0.4740024357465256E-01  0.9535278609039215    
  0.1154265120414937      0.2254791735515890      0.5995729822395324    
  0.1620526791108993      0.5253961020874611      0.9717402358426366    
  0.5469581528031112E-01  0.5696292395978733      0.2346522782449738    
  0.6333144421700632      0.3916841453759238      0.7153423338024207    
  0.2245573971909972      0.1204999128749251      0.1716455616090669    
  0.5831130466739795      0.7522462193065397      0.2022191794600884    
  0.5445805382265548      0.4842385516934130E-01  0.9469354307993710    
  0.1712893101067596      0.1611532572517290      0.5635339783265205E-01
  0.8779284656208572      0.9690852511662525      0.2860893932024179    
  0.2484020739120242E-01  0.5377931221374544      0.8863541674433466    
  0.4673738940387629      0.4850738125849716      0.5053709753357236    
  0.9623290734191511      0.5124939209473396      0.7450023480538445E-01
  0.1859251667961148      0.6496123951519515      0.8548361983095180    
  0.3496473655245824E-01  0.2295916816095263      0.9423487762907131    
  0.3637052840718465E-01  0.3872897781092869      0.7711208334556693    
  0.7058450626732951      0.7310328248570481      0.1515861788699084    
  0.2175604120817142      0.9180498024361614      0.2655020868697748E-01
  0.5589063463695639      0.6882934295798508      0.3128049166896861    
  0.7006885802459520      0.2601458456225691      0.1196831024423285    
  0.1398091474788242      0.8732087962464330      0.7065272782631185    
  0.5584376353510827E-01  0.8594832111880958      0.2429365862146007    
  0.2354801439474700      0.8925232793782178      0.2306403684770064    
  0.1267891718016918      0.1247511701461408      0.7214214413232959    
  0.6621729257209915      0.8639793418863476      0.6688712603828649E-01
  0.5164255406796030      0.1486992088978236      0.6184972523688136    
  0.9543787342708197      0.8244616726676961      0.5398332127344747E-01
  0.3862458290810688      0.5647706119773872      0.8282051789755079    
  0.7708975787308252      0.1640615258589563E-01  0.7194638954216513    
  0.7395654889580754      0.9710661069227626      0.1249370335432647    
  0.1279199100421210      0.7892831071947833      0.3722979824959811    
  0.4835858434187041      0.9640581656960298      0.3372131194225814    
  0.4533273887136056      0.4672727879689090      0.9644695886305953    
  0.5338534593225871      0.3228607154320021E-01  0.8503296812754907    
  0.7670973248789742      0.4378159693542947E-01  0.9140229389821051    
  0.9628188361249902      0.7436110014523470      0.8519953811445174    
  0.3844005722175761      0.1490231878207995      0.6767139443656301    
  0.1545411242716395      0.4324307610949556      0.9118935878967281    
  0.7624480085909009      0.5054497761712221      0.9575070168519724    
  0.7739005056930496      0.4776545786302563      0.1286205593068326    
  0.1289138775344609      0.3084703225441944      0.4665117253772434    
  0.5397987140940664      0.3687321892670799      0.3707510449288331    
  0.7831869582292803      0.2733057330637010      0.2053252749042368    
  0.2269145123297527      0.1765227679896947      0.6374870546370266    
  0.1441659561039189      0.3540006955478479      0.6896044410269602    
  0.4718939376921459E-01  0.6074252675307339      0.1315864173764109    
  0.6931749596954044      0.4851432793455746      0.7130592143830201    
  0.3809841121447015      0.1666470603080315      0.2953707108371481E-01
  0.3721526867597101      0.3776737713462758      0.1058870482840097    
  0.5094100390285420      0.6539545003599769      0.9560590493114651    
  0.1347703045214282      0.9463107910354225      0.8416011227329135    
  0.3701799319412268      0.6624472365565189      0.1265731056682857    
  0.5016417419470781      0.3918761338132750      0.1474903571411982    
  0.6817577073981329      0.3599351377356718      0.4835849014518811E-01
  0.9614922011866908      0.2833200905591964      0.4727078795523657    
  0.4680172533188632      0.3939852878897905      0.4345007880476932E-01
  0.4592881691283530      0.6918216320209920      0.6815078415695133    
  0.8940351407041659      0.5191409669156510      0.3214081535387687    
  0.3688959507229594      0.7349318313960124      0.7479066854532346    
  0.3251528648875221E-01  0.9610942267035434      0.2299192689441450    
  0.6629008365547756      0.4717545099770024      0.5428505512772026E-01
  0.8523611237862236E-01  0.4451641005375196      0.9674376310031769    
  0.1248093410760392      0.5791917105132706      0.8046139134970199    
  0.5190751122408412      0.7015406702117265      0.1286421768978952    
  0.3896213103974799E-01  0.1428798590581895      0.4003332581178713    
  0.2435221262121544      0.2705972979731217      0.7563291977255240    
  0.8469102507372726E-01  0.5579276694251886E-01  0.4962420194881982    
  0.8670251712586110      0.7529882650850975      0.4832190633046208    
  0.8383427343102601      0.8596866369938007      0.3027477508562574    
  0.8697525091804484      0.6712820246869451      0.1498713423979698    
  0.6720995056531468      0.4528967177012858      0.1595209079028966    
  0.4047426762786715E-01  0.2496957679081043      0.3527130212240147    
  0.7658397942720488      0.1682319841280690      0.7183661747975576    
  0.6274189898603285      0.3137868999351177      0.4866033961734043    
  0.6683678588235106      0.8030415176659859      0.4960725388409308    
  0.7087293427778971      0.3195863552970116      0.2855909966627928    
  0.2249344679200668      0.2872861844954501      0.6336998077252384    
  0.1135913354229256      0.9522590565218593      0.6103679833728639    
  0.4706966339799145E-01  0.1445531384864029      0.5287109279411366    
  0.8252466627667387      0.6567844326570984      0.4632454686670968    
  0.1086898195537134      0.7162917541034964      0.9125779196779810    
  0.9522172420583067      0.9487608239759541      0.4377947804331974    
  0.6630035665385812      0.6183193448518022      0.6803160821390559    
  0.2891365532996841      0.6659127013976788      0.3924861727645412E-01
  0.6068415323651107      0.4682687891922342      0.3804954518710210    
  0.6293259978552957      0.4514883765591226E-01  0.4355826233789688    
  0.8251748531730746      0.1273257500135822      0.2830994718580820    
  0.3350958629694502      0.8239609328084128      0.3967581618269892    
  0.2959170245927095      0.5673534513933089E-01  0.5047924970217067    
  0.8011047755352300      0.4602105169063344      0.6300366600678039    
  0.5720777328308934      0.5054363242469305      0.4643436711930590    
  0.6956350855006698      0.8699321777508868      0.8430623302192841    
  0.7789444886613152      0.6600741060609073      0.1699452161337922    
  0.5054705393895056      0.2428582792830788      0.7257377687158425    
  0.6662036592463859      0.8731734191711518      0.5386839922682556    
  0.6516555973324777      0.6353834040498412      0.8623900245362863    
  0.9551651063857642      0.4559841009918921      0.6724667853510982    
  0.7983098796081338      0.7179453556617307      0.8888314013229859    
  0.9497021510942123      0.2305300860270448      0.5950868548897907E-01
  0.3295624849942737      0.5953553872953163      0.4981827701961733    
  0.4839049259367541      0.9351167524430346      0.9574844566565358    
  0.2760732382227832      0.2332237068308158      0.2133375505613685    
  0.3543877978755040      0.5039840485295525      0.6361152972850260    
  0.1384249059951898      0.6722244213155651      0.2436136890250942    
  0.9584644739165114      0.4130339902199157      0.1483054334290587    
  0.7411778676693115      0.5647453593245589      0.3215939641402487E-01
  0.2287605976295052      0.2911341805453818      0.4913134043334578    
  0.7634076080513175      0.7359652053933103      0.4947934646921057    
  0.1175650943506060      0.4272112000810530      0.1531966549057558    
  0.6609346483416521      0.5278237455853682      0.8889404000427255    
  0.2151783465475688      0.2033523208451194      0.4352695762924739    
  0.4871686129621475E-01  0.6610918521358452      0.5044716184418678    
  0.3858890096183991      0.3139362270260667      0.4470583311796705E-01
  0.7149225682526718      0.3405287822101206E-01  0.1836204866628998    
  0.1017781842639772      0.9435625233797268      0.4992101750156127    
  0.5287986450715949E-01  0.3161773536183162      0.3885257834789033    
  0.3849640754564653      0.5296015311304214      0.5134974072317094    
  0.7071234692515043      0.5519381017389304      0.4067214459194259    
  0.7994271706562486      0.1775722816289735      0.2961881038362010E-01
  0.1470646636748150      0.3302802438870157      0.9568384583368884    
  0.6009957737023487      0.6318284986870323      0.1612192289296775    
  0.5531202324613180      0.5705001327010338      0.5364865428659852    
  0.8747006750466290      0.3684951867935767      0.7254205459614226    
  0.4489511542987840      0.5604668683872390      0.2328835278455204    
  0.2245339646068603      0.6168684015922289      0.7447488805860303    
  0.7968577740600825E-01  0.7510583447624873      0.7446156428580198    
  0.1819823362472754      0.8238538485935463      0.5029794052370560    
  0.5230178966146769E-01  0.1700607607592032      0.7260905810958109    
  0.7544348796021451      0.3700236887845185      0.5451387283625176    
  0.6004146474807958      0.2478509182590670      0.7007723335121984    
  0.9662515840635749      0.5413293094604389      0.2470952672717303    
  0.3597308831290971      0.5975285582915855      0.3026298127098409    
  0.3060826556491444      0.7953259702145702      0.5521737784624109    
  0.4464037987584737      0.6428551079023000      0.3414948194334387    
  0.3209713687447593      0.7484280873879893      0.9450821215405945    
  0.1597239293759665      0.8644178205042911      0.2918955259304185    
  0.8526519040449059      0.3005915586378387      0.9544479638043740    
  0.9704382102522037      0.2275696364391986      0.6631001087677773    
  0.8144004965665901      0.9733345535351046      0.6216955430028090    
  0.7350809577592027      0.1032596251357902      0.7135040978035319    
  0.6692804875856306      0.7036392462006714      0.2243515927351995    
  0.3599922927526754      0.4827788250150310      0.7424403399202334    
  0.2943561054763888E-01  0.6323203425694154      0.9560364997511849    
  0.1490836546550737      0.5541076828043123      0.5607138876177199    
  0.4895426509188876      0.3356716762548334      0.6935220502155951    
  0.1499785239805376      0.6747474520620980      0.7327581900257721    
  0.8846848436016629      0.4023902638375446E-01  0.7308173067804132    
  0.3737976132231031      0.8670337615842827      0.9609736085597255    
  0.5900270898292898      0.9607731461285868      0.3473916633534179    
  0.4716786289086670E-01  0.9302779012857257      0.4327559220929530    
  0.6887992887455470      0.1354552679051599      0.8463431929773693    
  0.2842905374815226      0.9484041705970291      0.3605829554624503    
  0.4355272447583478      0.6450789095514310      0.8682004159421257    
  0.9246330466149884      0.6478570878482801      0.2701901620097900    
  0.6853910361824218      0.3131504886097413      0.8093783548799557    
  0.9700452578564834      0.5880869254031668      0.5205970564997636    
  0.5692431140852866      0.3317156725164052      0.9112202172848813    
  0.2815986943468324      0.2588058117210473      0.3548966672730374    
  0.4308295984094421      0.4467822774954957      0.8281697694322983    
  0.4099185150717478      0.5575607068250332      0.1483312840937908    
  0.2173109014843304      0.1080788419339499      0.9532188111399451    
  0.1858796785875637      0.1526567650330534      0.7624972217558795    
  0.4150508677332034      0.6942076584764489      0.4363611373099650E-01
  0.1816366262930995      0.5219758601270922      0.4345926430712806E-01
  0.2274856145363946      0.4784325876717235E-01  0.5885750644579212    
  0.5404119830144240E-01  0.3870068951036406      0.6547129553789434E-01
  0.5723170841313086      0.7534674168365840      0.4305348289848492    
  0.6065812837781832      0.2951041806204955      0.7054569067172552E-01
  0.4603372348751186      0.9628750340770150      0.6750680338622186    
  0.9525475811586510      0.4577936930443514      0.7943706171643395    
  0.7746471110684843      0.5472694995674179      0.5022466533022633    
  0.7454086422695553      0.4144536493975828      0.2482277430976661    
  0.6208986442053249      0.2547742906010669      0.9671371728506724    
  0.3133122201110571      0.1354056881870219      0.5867948954968459    
  0.4328621123769507      0.6795284995566836      0.5665083573497177    
  0.2447655401038820      0.4644520646496998E-01  0.4415963792962047E-01
  0.9640994972602922      0.5044600308413408      0.8647364921961247    
  0.2043927278805424      0.2537307536748710      0.3761608322796438    
  0.3819987515126377E-01  0.3382635293243506      0.1385566611241516    
  0.7871537535614465      0.2233181762594947      0.5254280255889215    
  0.5123515389821690      0.5874970866388546      0.2155846847407402    
  0.7444072329547397      0.8122738260768168      0.9482979793480377    
  0.6971888827761016      0.3675603493439328      0.1503789723711217    
  0.8698527707095377      0.3526162327598536E-01  0.2653681264951285    
  0.1164614347751644      0.1275684686276033      0.1579870941603230    
  0.7724709200731433E-01  0.5808179270520003      0.6427208510946696    
  0.9539120657322228      0.2961548815162986      0.6717556342286011    
  0.2648178121286709      0.5975064571910252      0.7157810795364071E-01
  0.6667130653771709      0.5410344309244371E-01  0.8613267524098381    
  0.9561663648665990      0.1080464528646137      0.2527622774521819    
  0.4797088731881637      0.5424076091013242E-01  0.6664214206049288    
  0.9648690870422681      0.3726045096077696      0.7980009798980656    
  0.1346438737253655      0.1407711264028252      0.3359182564782582    
  0.3440900185876357      0.4330392385932551E-01  0.6199512680173378    
  0.1886908368801735      0.5370159431570011      0.6796735858086079    
  0.8439653403103571      0.8006755084395117      0.1754422281899953    
  0.6267870473964366      0.7314231615175486      0.7973850536932149E-01
  0.5868874555974997      0.3735746724339050      0.6530309399352263    
  0.4449642364974940      0.8687604596332086      0.4715210133300997    
  0.3948821473162389      0.8120236406677421      0.1952774894432446    
  0.3582433537961193      0.6429633100708866      0.6709056322094157    
  0.8387782003480847      0.5277509476843713      0.5957269964378653    
  0.7148060599620433      0.6339767366170621      0.7543533733272605    
  0.8543463914386193E-01  0.9426842122349186      0.1370888459081770    
  0.5509134238370466      0.4720409114472956      0.7031062956425599    
  0.4462180470092728      0.2712829689494455      0.3408749440005280    
  0.4903478125744264      0.1902206466344543      0.4772539289071757    
  0.7332963885709639      0.1782849163742608      0.1197172452343432    
  0.5557862428401516E-01  0.8679962077164968      0.8257472520542408    
  0.9413791456836216      0.7343201719552584      0.2842553711652921    
  0.8790330964631531      0.7795944729081170      0.8756363534729843    
  0.5291593301536973      0.9582846044524609      0.5592364766843619    
  0.8255289659882770E-01  0.2782827819529254      0.4442852307641244E-01
  0.2576722217392419      0.3874837685234639      0.1620211154073765    
  0.7356307613786085      0.5440849475429498      0.8457796148573251    
  0.9431690833989947      0.7800365768646269      0.6693371868536970    
  0.7762232918707612      0.4561332816008052      0.5027672867441628    
  0.3575605869698526      0.1460160311797846      0.3127223331169084    
  0.8244264673871429      0.8532315466202824E-01  0.7287461500897748    
  0.7122182934817106      0.1469868464975364      0.6067402709048885    
  0.3402732119323409E-01  0.7609449572760550      0.9522296701537017    
  0.6362074220363172E-01  0.7020973821246858      0.4230994807274621    
  0.4327772628847533      0.9591780793928147      0.1430974526009314    
  0.8290278086511881      0.3767078017145387      0.3932637885389680    
  0.9491506483368135      0.8040074422164786      0.4092466747764725    
  0.3187595983118751      0.9550361676674876      0.5529582640404938E-01
  0.4196521350479815      0.8160986410616324      0.2818433702326366    
  0.8447720616596265      0.5200151835546595E-01  0.4540595872989329    
  0.4472701791368013      0.1438151586558092      0.9670111733293980    
  0.1104981658619047      0.9511775743971863      0.3699344748564268    
  0.4477101003703443E-01  0.4561939251802090      0.6510083639204217    
  0.7132906065861789      0.8476224457060184      0.2696013143916449    
  0.8269588136376422      0.3343956759313879      0.1229381334314163    
  0.8498333312600540      0.4962892110843903E-01  0.1655627216087067    
  0.6023861145292678      0.7216591420448206      0.5237535092931491    
  0.4196366392632038      0.7171747077406844      0.3397718596538180    
  0.2241723195428469      0.6780484687643237E-01  0.7166591016395084    
  0.3451921187992310      0.5504955686014045      0.5134481401251286E-01
  0.8643029727001431      0.8983252840605869      0.6059134515819672    
  0.9149606060648422      0.6989314301019348      0.3667370934708273    
  0.3145405452457525E-01  0.8528099857743996      0.9335524843592240    
  0.2825196189537555      0.3842270494234409      0.3872910878841228    
  0.8698136452817291      0.8923679581337371      0.9362200225883283E-01
  0.3626040500245244      0.5564237618114746E-01  0.4581260527835219E-01
  0.8594448601144342      0.2538902785765116      0.3924549475432360E-01
  0.2487294905519000      0.2028977045443587      0.5237741812470246    
  0.5527634195742798      0.1146428618367279      0.2517283147402117    
  0.8227788409402743      0.1436373796358980      0.6485269949981652    
  0.8693197815337088      0.4453830365727397      0.3897878991903577E-01
  0.6265025412217130      0.9691573286560091      0.5984118024635751    
  0.9643100671718622      0.6935823491248070      0.1323294584371178    
  0.4034529715994430      0.8818929189514287      0.6849711377143065    
  0.5809209276915482      0.8466152177735708      0.4855991111264903    
  0.3713433493116083      0.4699474060697815      0.1348328696815241    
  0.4665311679465006      0.4039357330080233      0.6225740358386063    
  0.6920678887626071      0.4289074217047510      0.9052397680837803    
  0.5163114552855289      0.2590592619180010      0.9455766908561347    
  0.7654518627871019      0.6716155112618470      0.2442726381608396    
  0.5347822273230984      0.6278896280966323      0.5990237368178579    
  0.2496690268869227      0.6131745063248181E-01  0.8094517830331331    
  0.3833379638103934      0.5988667057181739      0.5884121501623157    
  0.8650529126675927      0.9419592728389122      0.7088796020519834    
  0.3513753661443833E-01  0.3342115346165501      0.8426169357592297    
  0.2666869358783204      0.4552424387785717      0.7076574660269733    
  0.7290506737866966      0.1468378640710903      0.3679989582138695    
  0.7761194797313506      0.3596752115978664      0.8530024786752614    
  0.9610915964198631      0.8627646699632662      0.1473844583042507    
  0.2980744158295993      0.9475896318508226      0.7976991051561112    
  0.9482330039653258      0.6468642016495126      0.8698263064050578    
  0.9569220326596242      0.4671492017586103E-01  0.3972770305868668    
  0.4341809298484198      0.5353402705751983      0.6109767471719526    
  0.7740665339958882      0.6431782254922529      0.3672377532633074    
  0.7188167597501205      0.9515155704225027      0.6507888783410867    
  0.6425475217317674      0.9614395363046432      0.1578245963191330    
  0.5004035151146795      0.8056281562703544      0.3818102711963360    
  0.3860596895077051      0.8597986056763081      0.7616186736425227    
  0.5172709548954971      0.5075085475519755      0.5928539673313702    
  0.3463466945520138      0.2874296132417198      0.9590294354924296    
  0.3908430729403468E-01  0.8540016596886438      0.3634602865469403    
  0.9403955087661464      0.7677010586988576      0.1985641016302003    
  0.5680114738101546      0.7683863852061721      0.8024286034939112    
  0.3054226811864653      0.8747593712896224      0.2789806027785263    
  0.1805261609147474      0.4088928103867855E-01  0.8994692032663557    
  0.3539925109828624      0.1231441675881403      0.7967573896529759    
  0.5514122209789645      0.3423608750036775      0.2264953064940839    
  0.8934287702114643      0.5159325982292345      0.7323119645426556    
  0.8596116684179490      0.3331786947733179      0.8112418132210580    
  0.9381612913673629      0.5229945465388135      0.1469100036645572    
  0.6991124825147735      0.4894190000894347      0.2484637139068482    
  0.3092104871289745      0.1737367444434881      0.9335646990299110    
  0.3784553478843837      0.2447979247950108      0.2419225023409583    
  0.7260337296926225      0.4940994147184358E-01  0.4424310169829049    
  0.5429599975614011      0.2608925036388939      0.2919207921857316    
  0.2948041311044713      0.5700528900912479      0.5596522513267863    
  0.8967526783592874      0.1500413140178882      0.5641097774309671E-01
  0.8198412533743579      0.5809301261096441      0.1336245950719736    
  0.1920621934991766      0.3477157664842479      0.8834144300287043    
  0.3767778578180109E-01  0.9560208251914623      0.6365881023408383    
  0.1536037726300468      0.3423109949680215      0.3306777983498726    
  0.2997181463370141E-01  0.8627754837766920      0.7595336166201147E-01
  0.4280945530944161      0.5926393725400242      0.3994603242940444    
  0.3031234271994754      0.5164567438694873      0.8490382087726701    
  0.9195423601208695      0.5762518338337291      0.7867650328343793    
  0.5073376461958465      0.5627842447105030      0.8783714790981836    
  0.9475073263340030      0.8338914662713699      0.2601242983394617    
  0.5419960430505081      0.3704477960109046      0.5551602250429660    
  0.9519328144591545      0.5742674846829852      0.9454060158540104    
  0.2718954169203278      0.3959397812591554E-01  0.2383245591547228    
  0.5867655268334135      0.9570221306058496      0.9634180118466310    
  0.5947104869587928      0.1422936326276667      0.7615579609396432    
  0.3144165561350413      0.3135653404915436      0.1478109262723472    
  0.2031503504902950      0.5971330394352293      0.5811864777394642    
  0.3557905946521266      0.4098654172428014      0.6404429761022449    
  0.3978065655180185      0.2070068651235417      0.8543798254376682    
  0.4577242388965436E-01  0.9474874520770631      0.8811193729936612    
  0.2524391787761269      0.3486011923050473      0.9548071069966576    
  0.8512583150219152      0.4068681695729122      0.9606445171453435    
  0.5328796186252508      0.7549293151918608      0.9705365739565747    
  0.8287150162619134      0.4354422737399639      0.3058803488590802    
  0.4081203885778755E-01  0.7593843568459230      0.5499054596563622    
  0.3244478632759885      0.8471888661858025      0.8496737088077010    
  0.1654671972554255      0.3874844217710707      0.5000452167581467E-01
  0.3635570856429640      0.1128722205335478      0.9282956007030041    
  0.1391748224291534      0.8706430171223452      0.4004695289436882    
  0.8830817085247781      0.3571221146249107      0.5393838379391748    
  0.5699308383713265      0.5771677032977119      0.6454258581917526    
  0.3392003216998031      0.9721648143026759      0.9613916354021298    
  0.4025489418193041E-01  0.7628115834545100E-01  0.6528526386106476    
  0.5972626124192986      0.8767526086789653      0.5816973838777609    
  0.5770949542362822      0.2151093958697156      0.8506530614710003    
  0.3052057745627625      0.7505133410496702      0.6208592666496986E-01
  0.2066955633771934      0.4656276351036417E-01  0.4740785609810093    
  0.5551732688501345      0.1341110515519664      0.9411504661091732E-01
  0.6733813820695201      0.8274078674937400      0.6674384340422095    
  0.4840327831756294      0.8835600972614425      0.3009263812158248    
  0.6336917497960191      0.2679367165252954      0.2695237760241613    
  0.3869635156975836      0.2655063588799806E-01  0.2606968245868533    
  0.7715340517955712      0.5510626435531408      0.7342414532518463    
  0.2570719086480273      0.2313658658389914      0.9526468821739144    
  0.8357039575265611      0.7654399760346392      0.3963493141576647    
  0.4749618074340934E-01  0.3666239529242574      0.4639683415873039    
  0.3883636364134781      0.6406177979352213      0.2198597341108330    
  0.4544494973790210      0.5179328795167362E-01  0.3913282667454696E-01
  0.1244651746623048      0.2625440698603955      0.3004764380790488    
  0.9135916192703555      0.5280697692781587      0.4869625126104735    
  0.5894049226084910E-01  0.5520956379067521      0.9605720852525472    
  0.1340921554169040      0.9754046452250431      0.6971426158092419    
  0.6507100117454546      0.6406370738898407      0.3028904214327524    
  0.3856394946728336E-01  0.1390182581340818      0.9321618059324835    
  0.5590880643860431      0.3707704506001364      0.3372441447844828E-01
  0.5157733180275540E-01  0.4144877828641378      0.5576663222562528    
  0.6448546048125826      0.5452471860502046      0.7724829997112501    
  0.6225017024124915      0.3698485150332158      0.8085729707534337    
  0.5853398477610130      0.8428967900808715      0.9425288993196816    
  0.4632138329344344      0.9275641213523088      0.5754061969681102    
  0.2429997192581367      0.6690819832119926      0.9491595187549698    
  0.9322841851118934      0.6915291577235378      0.7571887776302084    
  0.8580993499157099      0.7149013971110499      0.3009986771897812    
  0.5332263770234272E-01  0.1955840284734129      0.1414703637254303    
  0.2343456126066864      0.6599967776797363      0.6434140621113216    
  0.4270223785382096      0.2013679650513410      0.6354581271425966    
  0.6369654257686415      0.9430484551123748      0.8667626927951090    
  0.2886749526016939E-01  0.5569279908939284      0.8200204409806352    
  0.9543542990910426      0.5330986827463909      0.6146388308620075    
  0.8472066410604374      0.7221253992109974      0.7876382184273965    
  0.3685807718589163E-01  0.6979186222379131      0.6155356839620620    
  0.8652895967311588      0.8851333810170492      0.2050750763108638    
  0.7702806699691347      0.8014568398821402      0.5820302409378567    
  0.4179005266372647      0.1735263779225525      0.7373899625335180    
  0.5058054554240583E-01  0.6343721975734330E-01  0.8731050764135141    
  0.6527933890014941      0.1995251144038950      0.1813726006939157    
  0.4470703498181387      0.5548638512104824E-01  0.6125439549321230    
  0.7181879577999685      0.7937863792940633      0.4908754748907661E-01
  0.4589333437658671E-01  0.8490635970676488      0.5082524482241306    
  0.6542185820029481E-01  0.3479944275539241      0.2753841599467465    
  0.3400326291503633      0.3770579172275918      0.8586700514857725    
  0.2348632095067032      0.1610323963220260      0.3662216495835862    
  0.8596964359436799      0.9548414770503045      0.1692155706974156    
  0.5820624604927148      0.4665312822467871      0.5990946418827029    
  0.9658530759761822      0.9515368935076421      0.6627832325675846    
  0.6212047610996611      0.5619784431015693      0.4406068642800367E-01
  0.7942903611347539      0.3457921634035833      0.3216030982325473E-01
  0.8217152127167292      0.6031055226408845      0.6665067450336599    
  0.7352219968988937      0.9369384315737366      0.5116078286252799    
  0.6362122134160619      0.7748515488051481      0.4289745051345856    
  0.6753981786450568      0.3100720844997591      0.9133818871938060    
  0.4578177330046148      0.7315273364571988      0.2016363889499791    
  0.7206940806979302      0.6415233458991544      0.5569130153706721    
  0.6483149143191511      0.2371894542984975      0.8159129659247480    
  0.7412870245358973      0.5686377329143627      0.6382506350242937    
  0.9642608944220459      0.8035533039865102E-01  0.8287135840304237    
  0.6480133089806018      0.4001267326462198E-01  0.6935192258873359E-01
  0.3509933637290967      0.3636713879223509      0.7581159597060551    
  0.7744183703642846      0.3839608078725496E-01  0.9683521294699350    
  0.7654637832003286      0.6021575813849651      0.9326928330315736    
  0.3977927418635219      0.2480044288944113      0.5446759407634347    
  0.6938679774319417      0.5797498042395212      0.2001568264221758    
  0.1814503775747628      0.7198784270947369      0.1438369528599440    
  0.5695144976810192      0.4868974961651820      0.3872696160673419E-01
  0.3428463466099255      0.3954279680193905      0.9453171388424095    
  0.6780807380175792      0.5793273199437042      0.9617158072773443    
  0.5422128376630994      0.5420495705189691      0.9766231675757261    
  0.3113656923833742      0.3534147402798138      0.6631162740254235    
  0.7067476372981157      0.7419784548533689      0.3469260510964923    
  0.1745401131492731      0.3313993266469052      0.1265769509154338    
  0.9552797995300994      0.9754846411267285      0.1359147099997559    
  0.8582700972806839      0.8457135625828057      0.4047965322598898E-01
  0.8426389695042490      0.3893127446879140      0.1516865160046847    
  0.6953943635587850E-01  0.6440600917006710E-01  0.7690550048476623    
  0.7139264790835024      0.5271035320054003      0.1276385281304033    
  0.7293048312051393      0.4317728967868670      0.7971438424756254    
  0.2833297486239263      0.1363556136648864      0.6832675686948771E-01
  0.3871510809726350      0.7930515191598413      0.4936895081195709    
  0.2411499723324059      0.8666459729207190      0.9595730473255976    
  0.5458385618969958      0.3896951261496642E-01  0.6313489841594138    
  0.8279798465237568      0.4677253572546599      0.4002466505713310    
  0.2185762825274979      0.9366145394552815      0.1465168269048446    
  0.2117242954355970      0.7588037850032657      0.3175166041686318    
  0.2559768219978996      0.4107932040456946      0.4938864286729276    
  0.7238371704020500      0.4006452837655832      0.7242690779678393    
  0.6811565396743312      0.7248291124122542      0.6097586516650155    
  0.7601209139614832      0.9385039228888674      0.2208662185361498    
  0.9635326519727161      0.9226301222833644      0.2473720661000690    
  0.6094521448862812      0.7672062995658847      0.3143276182150966    
  0.8965995245695700      0.4003949875383970      0.4274708896717273    
  0.8629493931597235      0.9572112925318145      0.8360802842546339    
  0.8038786233682604      0.9419326941802239E-01  0.1186369425038908    
  0.5384143523228185      0.8408213805079339      0.8623560085691188    
  0.5650607066563459E-01  0.7744456841397146      0.4534841116447581    
  0.6616817089559961      0.9562900344183387      0.6045923714993778E-01
  0.3261342586645030      0.8755418115716517      0.1582281102617739    
  0.4653588766593533      0.3326562653750270      0.2085173569639731    
  0.6845642762376448      0.4953534203178122      0.5673341722008156    
  0.4399662226841005      0.3452077142242274      0.3986998148599060    
  0.6174977991838703      0.8137782003934535      0.6138602618755513    
  0.2266115510208297      0.9653935896789070      0.2732212652214141    
  0.9518689649586402      0.9396913249951117      0.9543046727329361    
  0.8471837960726533      0.2620020985903031      0.8376953169922671    
  0.3502442885206498E-01  0.2961998746253887      0.6581794612677400    
  0.2904194377710563      0.8387982228627956      0.7021843680278100    
  0.4876066762856016      0.2611236587735123      0.4578201864282435E-01
  0.9489808204005143      0.4493976466953819      0.3638987389946461    
  0.6515142318605330E-01  0.9533474991142056      0.9578900412136306    
  0.9589359570625656      0.3677317801725721      0.3386723164835604    
  0.5723027884619106      0.8522974165237206      0.2471955331793971    
  0.2872278635280343      0.8947883477907582      0.6215218714610389    
  0.5949833261448755      0.6551604230658074      0.5294129339329513E-01
  0.2434655143812044      0.4509807554777790      0.3197820098307113    
  0.4462955167619910      0.6431072479644718      0.7793518896062928    
  0.4722695062892312E-01  0.4296177177188465E-01  0.5752715833631131    
  0.5293369473706308      0.1599074719551329      0.3514183253318889    
  0.3272898622217694      0.8731617837992142      0.5872655597517746E-01
  0.4387292314647716      0.2992375342143281      0.8793346848880016    
  0.6007062210628519      0.5378648311972755      0.1734438794384464    
  0.2823117969535583      0.1398989051843479      0.7099496527709157    
  0.5476581187492312      0.1663944699929649      0.6933718995866607    
  0.7919471889951007      0.7611650512980231      0.1081602314307008    
  0.2438253363973093      0.8178072679499387      0.5870613021740026E-01
  0.5157045876743292E-01  0.2591524248736216      0.7991733667023830    
  0.4840965217342928      0.1785999964894302      0.8779008676488999    
  0.1269203712970744      0.3318981934347261      0.5837367548996507    
  0.6483520683471031      0.8717657515326768      0.1996616664723470    
  0.5357580818435873      0.9584257517034841      0.2575699046038697    
  0.5731926861865695E-01  0.1253530860963494      0.2781812424167073    
  0.6511626262851795      0.5803785761753124E-01  0.9582922598382179    
  0.9614776734496223      0.9138486320221211      0.4154052167163911E-01
  0.8653784853448507      0.5314595123073425      0.5054117162585139E-01
  0.3002118403877219      0.5332117544253494      0.1273495730528230    
  0.9358726074782961      0.1275708688632901      0.3376235967206545    
  0.6968688696063839      0.6952801668584992      0.4265375527124886    
  0.9316321991464951      0.1981097669884798      0.3395958505720731    
  0.6283264625805297      0.3979665456737482E-01  0.7607245813122885    
